3,2
3,1
3,3
10,137
10,151
10,163
10,287
10,262
10,133
10,19
10,99
11,10
11,25
11,12
11,2
11,3
8,10
8,12
8,6
8,15
8,2
8,3
2,2
2,1
2,3
621,466
621,465
621,462
621,453
621,451
621,383
621,382
621,381
621,380
621,379
621,378
621,377
621,376
621,375
621,374
621,373
621,372
621,371
621,370
621,369
621,368
621,367
621,366
621,365
621,364
621,363
621,362
621,361
621,360
621,359
621,357
621,355
621,350
621,349
621,348
621,296
621,295
621,294
621,293
621,292
621,291
621,290
621,289
621,288
621,287
621,286
621,276
621,273
621,269
621,268
621,122
621,119
621,107
621,106
621,101
621,93
621,90
621,87
621,86
621,83
621,82
621,75
621,70
621,55
621,27
621,23
621,1
601,5
601,1
600,3
600,1
20,3
20,2
20,1
19,3
19,2
19,1
18,3
18,1
14,22
14,16
14,10
14,3
14,1
13,3
13,1
12,3
12,2
12,1
11,30
11,29
11,28
11,27
11,23
11,21
